map_config:
  latitude: 39.941808978804865
  longitude: -75.19904599560957
  elevation: 4.0
  roll: 0.0
  pitch: 0.0
  yaw: 2.67908040181
